0.1 10.0 
0.1 10.0 
0.1 10.0 
0.1 10.0 
0.1 10.0 
0.1 10.0 
0.1011694318301134 9.884408579848788 
0.1040764340766987 9.608323045186715 
1.0 1.0 
1.0 1.0 
1.0 1.0 
1.0 1.0 
1.0 1.0 
1.0 1.0 
1.0 1.0 
1.0 1.0 
0.999940443493184 1.0000595600540048 
0.9528940182714006 1.0494346494209839 
0.17819534436054182 7.339914473085869 
0.21821278990824244 5.22418213054109 
0.2294728346916895 4.357814297903976 
0.8844750069326981 1.1409969757921823 
0.8642719378353096 1.1570432363043515 
0.8606208434449758 1.1619518718569537 
0.8462039999423356 1.1817481364637188 
0.8398800840105116 1.1922745197111038 
0.8391214169714004 1.1923291620178347 
0.2917167688732669 3.4279825731733604 
0.2970454905789962 3.3664877324036 
0.2985634488901833 3.3493718126488314 
0.3042696781733209 3.286558180898889 
0.818747974949354 1.2213770666875332 
0.8022554509206862 1.2464857656652601 
0.3233148898639911 3.092959932716585 
0.7714133520275127 1.2963218712402254 
0.7699977224467273 1.2987051400910936 
0.35481892454530795 2.8183389634064087 
0.7646598305027652 1.3077710638238944 
0.38261876035952547 2.6135676124724148 
0.39820537927211885 2.5112669292110112 
0.39990402215130916 2.500600005522416 
0.40856141466565143 2.4476124374553474 
0.4275367162873691 2.33898040075662 
0.42909433208246384 2.3304898835340917 
0.6837985064575942 1.4624191052719344 
0.6631360291609614 1.507986229107863 
0.4910897579746948 2.0362876312552394 
0.49870756731200494 2.005183128441227 
0.5010300978711687 1.9958880798756582 
0.6165457567894106 1.621939635441467 
0.595481637031154 1.679312908766795 
0.5407218635984513 1.8493796299359848 
0.5423063032851324 1.843976354215862 
0.5736950364917259 1.7430863723612195 
0.5589314196251417 1.7891282631251426 
0.1 10.728987840961434 
1.0 1.039970372065346 
0.9194978462752212 1.1777383129319592 
0.8883781261630497 1.2507397016323234 
0.2423378381051348 4.786136203869195 
0.2448706173720518 4.550278883625029 
0.256445841047688 4.439517700141821 
0.8478655427365988 1.2621579908834972 
0.3300860085431633 3.4513140178366153 
0.38279890693357455 2.821353891933603 
0.727321933608523 1.5304418037748446 
0.7068971245153811 1.5359907685426182 
0.4114027941404202 2.6706874128692846 
0.6934101184658454 1.5742621917978568 
0.4233323800561416 2.6528461724823873 
0.6872040353096036 1.8087916937404676 
0.4487474849836003 2.4004370907078685 
0.538933723488694 2.017115919378079 
1.0 1.0509916129763954 
0.1 11.030858033592121 
0.9417274219547236 1.2018102096878838 
0.2617991863751697 4.606456211930961 
0.3813703756534108 3.843888307325983 
0.3830020037237308 2.9479992629097596 
0.7163590196867472 1.563530357144193 
0.4848939874539997 2.5776586657688307 
0.4865284511743644 2.4659238282580853 
0.5103507016215252 2.449273560485362 
0.5454153786316942 2.1038641898709103 
0.1 11.468100855174328 
1.0 1.1446974258322018 
0.7525618124677731 1.5639018840574888 
0.49647057406371387 2.5325378968486483 
0.6042987347290705 2.1795551322714988 
0.1 12.362532548096887 
1.0 1.180805941893941 
0.7950383669455812 1.5844200488443636 
0.7710530823446353 1.626340693752413 
1.0 1.24435991418435 
0.1 12.845738677528171 
1.0 1.304854718789231 
0.1 13.148667854619264 
1.0 1.3967772231867874 
0.1 13.891593183860676 
1.0 1.4407862127399507 
