0.1 0.0 
0.1 0.0 
0.1 0.0 
0.1 0.0 
0.1 0.0 
0.1 0.0 
0.1011694318301134 0.0 
0.1040764340766987 0.0 
1.0 0.0 
1.0 0.0 
1.0 0.0 
1.0 0.0 
1.0 0.0 
1.0 0.0 
1.0 0.0 
1.0 0.0 
0.999940443493184 0.0 
0.9528940182714006 0.0 
0.17819534436054182 0.3079385871084614 
0.21821278990824244 0.13998335769415715 
0.2294728346916895 0.0 
0.8844750069326981 0.009183308073977983 
0.8642719378353096 0.0 
0.8606208434449758 0.0 
0.8462039999423356 0.0 
0.8398800840105116 0.001367623778554338 
0.8391214169714004 5.089359287278674E-4 
0.2917167688732669 0.0 
0.2970454905789962 0.0 
0.2985634488901833 0.0 
0.3042696781733209 0.0 
0.818747974949354 0.0 
0.8022554509206862 0.0 
0.3233148898639911 0.0 
0.7714133520275127 0.0 
0.7699977224467273 0.0 
0.35481892454530795 0.0 
0.7646598305027652 0.0 
0.38261876035952547 0.0 
0.39820537927211885 0.0 
0.39990402215130916 0.0 
0.40856141466565143 0.0 
0.4275367162873691 0.0 
0.42909433208246384 0.0 
0.6837985064575942 0.0 
0.6631360291609614 0.0 
0.4910897579746948 0.0 
0.49870756731200494 0.0 
0.5010300978711687 0.0 
0.6165457567894106 0.0 
0.595481637031154 0.0 
0.5407218635984513 0.0 
0.5423063032851324 0.0 
0.5736950364917259 0.0 
0.5589314196251417 0.0 
0.1 0.07289878409614352 
1.0 0.03997037206534604 
0.9194978462752212 0.08292784221674905 
0.8883781261630497 0.11112979245385521 
0.2423378381051348 0.1598619005223774 
0.2448706173720518 0.11422959944827141 
0.256445841047688 0.13849585045896692 
0.8478655427365988 0.07014026995977152 
0.3300860085431633 0.13923046837675632 
0.38279890693357455 0.08001118590496975 
0.727321933608523 0.11312389199683591 
0.7068971245153811 0.08578745756494702 
0.4114027941404202 0.09872826393007361 
0.6934101184658454 0.09160933291085335 
0.4233323800561416 0.12303568411979451 
0.6872040353096036 0.24300895097294212 
0.4487474849836003 0.07719010731650637 
0.538933723488694 0.0870917931387482 
1.0 0.050991612976395505 
0.1 0.1030858033592121 
0.9417274219547236 0.1317776304482365 
0.2617991863751697 0.20596648835637177 
0.3813703756534108 0.46594512773466357 
0.3830020037237308 0.1290896246705194 
0.7163590196867472 0.12004907389428386 
0.4848939874539997 0.24989118874000496 
0.4865284511743644 0.19974210087636557 
0.5103507016215252 0.2499884800567556 
0.5454153786316942 0.147479883708105 
0.1 0.14681008551743288 
1.0 0.1446974258322018 
0.7525618124677731 0.17693283638806895 
0.49647057406371387 0.2573305434865588 
0.6042987347290705 0.3171024087039186 
0.1 0.23625325480968865 
1.0 0.18080594189394084 
0.7950383669455812 0.2596747281890608 
0.7710530823446353 0.25399500486031057 
1.0 0.2443599141843499 
0.1 0.28457386775281723 
1.0 0.30485471878923087 
0.1 0.31486678546192653 
1.0 0.3967772231867873 
0.1 0.3891593183860678 
1.0 0.4407862127399508 
