1.0 1.0 
1.0 1.0 
0.1 10.0 
0.1 10.0 
0.13339515314197492 8.225632562936362 
0.13922467055077714 7.3130152961145845 
0.11193426292450565 8.933815025649944 
0.6219072128175909 1.6079569096319615 
0.5699467225946363 1.7545499611745832 
0.17711117904227083 5.646170983714877 
0.15647419293179443 6.390830214640507 
0.5003618396712196 1.9985536879812522 
0.16526739345203761 6.050800337032064 
0.10663856680435822 9.377470365244358 
0.6952836208697764 1.4382619840073807 
0.3527176225548945 2.883283831123203 
0.32543415928880914 3.193377753758992 
0.9074892161798629 1.1019414690232545 
0.14529107544398448 6.882735205477504 
0.781021005713115 1.2803752942431366 
0.7237214838257281 1.3817470150448092 
0.9416099503733224 1.0620108672423518 
0.19771558451933471 5.057770243206142 
0.6609374796781071 1.5130024105865878 
0.28390719503812417 3.5222777635688876 
0.8184994914769955 1.221747857406098 
0.21401006824346794 4.672677356760397 
0.41799670588774435 2.392363350989078 
0.19015356993781923 5.25890731542407 
0.23337361687288186 4.375104102545896 
0.26183270818852933 3.8541842688187025 
0.2772483440811516 3.6068745633600474 
0.6448925837020392 1.550645836643753 
0.30546900203740984 3.2736545879621954 
0.4414288196436016 2.380751357827209 
0.5504479150569688 1.8167023121461088 
0.4691010147755186 2.1317370214569573 
0.2538553749624252 3.939250843705856 
0.45000379997422363 2.2222034570758744 
0.5285682900363587 1.8919031255757184 
0.8423533589442744 1.1871502492176262 
0.21620784321287864 4.625179110710605 
0.7550716089893297 1.376053055979244 
0.24080825298480732 4.152681594609178 
0.38245554717395924 2.614682954369993 
0.10963687098334397 9.121019151959562 
0.1407068136328359 7.106976372938318 
0.8684714017353808 1.1731417873375074 
0.8771945465368908 1.139997967324281 
0.7596933610132265 1.3163205726403469 
