1.0 0.0 
1.0 0.0 
0.1 0.0 
0.1 0.0 
0.13339515314197492 0.09725951542251149 
0.13922467055077714 0.01815214533434698 
0.11193426292450565 0.0 
0.6219072128175909 0.0 
0.5699467225946363 0.0 
0.17711117904227083 0.0 
0.15647419293179443 0.0 
0.5003618396712196 0.0 
0.16526739345203761 0.0 
0.10663856680435822 0.0 
0.6952836208697764 0.0 
0.3527176225548945 0.016985018064744083 
0.32543415928880914 0.03923420458614338 
0.9074892161798629 0.0 
0.14529107544398448 0.0 
0.781021005713115 0.0 
0.7237214838257281 0.0 
0.9416099503733224 0.0 
0.19771558451933471 0.0 
0.6609374796781071 0.0 
0.28390719503812417 0.0 
0.8184994914769955 0.0 
0.21401006824346794 0.0 
0.41799670588774435 0.0 
0.19015356993781923 0.0 
0.23337361687288186 0.021033868606519564 
0.26183270818852933 0.0091515049624276 
0.2772483440811516 0.0 
0.6448925837020392 0.0 
0.30546900203740984 0.0 
0.4414288196436016 0.0509322617505666 
0.5504479150569688 0.0 
0.4691010147755186 0.0 
0.2538553749624252 0.0 
0.45000379997422363 0.0 
0.5285682900363587 0.0 
0.8423533589442744 0.0 
0.21620784321287864 0.0 
0.7550716089893297 0.03901859503293195 
0.24080825298480732 0.0 
0.38245554717395924 0.0 
0.10963687098334397 0.0 
0.1407068136328359 0.0 
0.8684714017353808 0.018840092483355164 
0.8771945465368908 0.0 
0.7596933610132265 0.0 
