136
37
56
15
13
176
0
92
44
41
123
33
123
29
10
180
146
36
7
12
97
175
37
9
24
251
136
49
15
4
93
160
79
5
19
138
0
123
39
6
194
126
52
54
16
184
19
123
35
1
63
2
84
5
9
163
15
126
47
7
118
153
0
35
30
210
10
35
25
14
121
125
71
39
5
103
189
107
8
15
106
170
42
9
21
71
144
36
6
12
211
60
85
42
36
153
154
11
22
13
253
178
76
13
3
167
167
6
4
19
254
103
71
22
12
104
130
29
12
25
113
182
81
4
12
168
159
29
25
3
82
85
46
2
20
200
40
114
21
8
120
58
120
10
9
193
122
57
16
6
73
28
110
23
5
58
62
22
6
1
232
12
0
34
15
255
60
33
11
3
139
83
0
28
39
95
184
56
16
9
253
148
49
22
4
87
41
95
12
21
98
198
114
2
15
144
101
0
11
23
217
62
74
36
27
93
116
4
40
30
106
64
38
14
27
122
106
77
21
4
137
122
81
18
1
113
142
73
5
38
116
0
126
15
7
97
144
55
28
8
112
52
22
11
20
89
69
18
34
21
89
107
20
15
5
254
122
8
6
10
225
106
51
16
16
104
0
95
26
17
39
107
94
1
11
175
133
29
15
16
149
143
112
32
3
164
147
57
21
10
110
103
107
1
3
107
11
78
32
17
21
47
44
5
14
171
48
91
31
19
100
121
12
5
13
162
45
128
27
5
109
0
91
12
8
55
119
49
18
6
102
18
102
10
13
67
165
39
23
13
165
143
30
9
1
142
26
12
11
21
249
0
123
19
1
60
153
19
7
4
198
5
67
24
14
62
4
101
15
10
5
116
85
27
23
150
145
0
11
19
176
62
57
32
15
107
141
81
1
24
205
150
22
12
11
106
78
112
42
21
181
118
63
34
4
89
37
17
24
10
165
147
31
3
7
180
132
111
22
22
175
0
55
7
34
93
79
94
19
15
95
71
3
62
14
243
171
10
29
37
254
30
32
14
12
105
76
74
21
15
85
184
0
16
23
254
39
3
34
19
255
61
83
3
20
137
0
57
25
31
84
114
54
12
6
151
189
71
7
30
151
80
103
15
5
81
113
56
11
10
87
169
54
11
4
245
45
14
9
14
234
199
43
1
13
69
65
24
34
15
85
184
96
5
18
105
49
42
23
38
106
33
64
20
9
46
107
111
34
22
179
94
41
19
23
104
11
105
8
7
83
164
105
1
1
142
14
100
6
11
62
169
33
10
23
252
66
109
16
3
127
107
76
27
4
174
4
39
23
2
206
100
74
2
1
174
156
70
18
12
108
41
39
2
19
175
137
56
26
9
61
96
30
14
9
87
25
58
24
4
105
133
35
15
13
161
32
29
4
5
123
114
35
1
23
189
120
56
18
4
63
17
46
1
15
161
41
78
18
7
175
73
121
10
12
179
9
51
10
4
212
13
53
4
7
215
99
0
35
21
255
150
89
30
16
145
195
63
5
11
253
176
42
24
17
254
31
78
11
2
86
172
112
26
6
160
114
47
16
3
151
167
63
22
13
104
184
76
4
23
101
195
77
5
19
206
65
93
15
16
82
157
37
6
12
151
44
100
1
11
24
119
23
4
4
149
199
104
1
7
108
2
43
15
5
172
29
56
4
30
53
26
92
18
19
4
53
88
7
17
89
194
71
6
17
244
1
51
5
4
96
9
75
22
12
46
194
93
6
18
47
100
24
10
4
84
35
15
15
9
254
5
40
11
10
236
24
100
7
7
61
148
115
16
18
179
193
90
7
5
57
94
61
19
6
99
42
0
39
20
255
110
111
5
5
167
25
108
12
6
0
133
0
55
14
253
43
126
20
2
119
128
17
10
10
104
119
29
1
18
95
115
54
34
1
225
171
93
14
13
142
2
51
7
5
182
7
47
12
4
224
31
67
28
7
73
92
71
3
29
137
67
114
20
17
193
193
72
1
17
236
138
10
7
4
168
66
42
5
6
97
65
111
24
13
169
114
22
7
8
213
22
61
4
5
102
34
32
27
11
107
95
0
12
20
255
133
39
13
10
165
151
76
28
3
181
47
9
18
18
254
110
42
3
19
88
160
64
31
2
87
36
29
11
4
97
0
0
26
39
250
44
77
42
14
102
33
70
33
1
123
80
0
16
15
254
162
115
38
18
174
22
39
12
23
103
6
81
31
21
14
160
56
14
8
63
106
81
1
21
166
111
85
29
25
148
74
55
20
2
182
28
62
21
2
168
58
25
7
21
89
